[1970, 1]	1
[2009, 10]	2139
[2009, 12]	4084
[2009, 1]	2575
[2009, 3]	3487
[2009, 5]	3401
[2009, 7]	1930
[2009, 9]	2170
[2010, 10]	14386
[2010, 12]	17142
[2010, 1]	5056
[2010, 3]	5398
[2010, 5]	6212
[2010, 7]	26488
[2010, 9]	13185
[2011, 11]	169012
[2011, 2]	47168
[2011, 4]	73936
[2011, 6]	317482
[2011, 8]	236300
[2012, 10]	935239
[2012, 12]	1145572
[2012, 1]	199876
[2012, 3]	203391
[2012, 5]	660620
[2012, 7]	899998
[2012, 9]	946045
[2013, 11]	1961108
[2013, 2]	1597550
[2013, 4]	1707146
[2013, 6]	1405869
[2013, 8]	1714680
[2014, 10]	2390212
[2014, 12]	1094574
[2014, 1]	1817513
[2014, 3]	2102466
[2014, 5]	1993589
[2014, 7]	1932272
[2014, 9]	2144596
