[2009, 11]	2232
[2009, 2]	3417
[2009, 4]	3459
[2009, 6]	2244
[2009, 8]	1570
[2010, 11]	63408
[2010, 2]	5751
[2010, 4]	9631
[2010, 6]	6678
[2010, 8]	11968
[2011, 10]	168707
[2011, 12]	172435
[2011, 1]	34900
[2011, 3]	83222
[2011, 5]	136636
[2011, 7]	267260
[2011, 9]	194707
[2012, 11]	944891
[2012, 2]	208362
[2012, 4]	225197
[2012, 6]	986424
[2012, 8]	1097435
[2013, 10]	1645247
[2013, 12]	1935103
[2013, 1]	1425459
[2013, 3]	1699308
[2013, 5]	1746928
[2013, 7]	1206876
[2013, 9]	1597967
[2014, 11]	2512559
[2014, 2]	1846258
[2014, 4]	1890902
[2014, 6]	1817173
[2014, 8]	2112222
